3.96953
2.44623
2.34112
2.29331
2.2614
2.23669
2.22242
2.20413
2.19293
2.18441
2.17746
2.16764
2.16263
2.15764
2.15194
2.14845
2.14519
2.14181
2.13596
2.13583
2.13038
2.12878
2.12389
2.12264
2.12142
2.11858
2.11856
2.11207
2.11105
2.11124
2.10891
2.10667
2.10469
2.10312
2.10436
2.10329
2.10043
2.09747
2.09957
2.09617
2.09511
2.09375
2.0919
2.09311
2.08878
2.09053
2.08724
2.08797
2.08631
2.08605
2.0832
2.08639
2.08448
2.08302
2.08107
2.08093
2.08032
2.07926
2.07846
2.07978
2.07628
2.07511
2.07379
2.07461
2.07342
2.07363
2.07233
2.0708
2.07226
2.07135
2.06994
2.07078
2.06958
2.06836
2.06865
2.06885
2.06759
2.06838
2.06647
