5.90005
1.27462
1.20989
1.17904
1.15599
1.14444
1.13271
1.12602
1.11664
1.11446
1.10708
1.10347
1.0982
1.09652
1.09301
1.08956
1.08785
1.08394
1.08286
1.07961
1.07728
1.07407
1.07457
1.07477
1.07031
1.07036
1.07048
1.06713
1.06413
1.06582
1.06545
1.0613
1.06174
1.059
1.05968
1.06068
1.05673
1.05585
1.05774
1.05508
1.0536
1.05304
1.05234
1.05345
1.05377
1.05013
1.04926
1.0502
1.05041
1.05075
1.0483
1.04971
1.04903
1.04715
1.04506
1.04251
1.04466
1.0439
1.04449
1.04253
1.04424
1.04249
1.04311
1.04004
1.04111
1.04095
1.04369
1.04204
1.03981
1.04012
1.03895
1.03866
1.03788
1.03708
1.03639
1.03791
