5.99042
1.28259
1.20978
1.17742
1.15659
1.14279
1.12983
1.12418
1.11352
1.10938
1.10612
1.1004
1.09614
1.09306
1.08799
1.08563
1.0835
1.08003
1.08357
1.07664
1.07447
1.07485
1.07297
1.06941
1.06659
1.0692
1.06663
1.06314
1.06153
1.06333
1.05923
1.06113
1.05726
1.05904
1.05884
1.05618
1.05469
1.05835
1.05328
1.0517
1.0539
1.04881
1.05152
1.05083
1.0496
1.04862
1.04816
1.0473
1.04541
1.04649
1.0451
1.04649
1.04437
1.04493
1.04595
1.04407
1.04413
1.04406
1.04017
1.04229
1.04033
1.04163
1.03802
1.03859
1.03684
1.04045
1.03866
1.03787
1.03788
1.0373
1.03653
1.03749
1.03327
1.03531
1.03533
1.03637
1.03524
1.03403
1.03485
1.03461
1.03309
1.03314
1.03058
