6.58797
1.77248
1.70076
1.66977
1.64637
1.63025
1.61592
1.60859
1.60022
1.59397
1.58559
1.57949
1.57732
1.57344
1.56662
1.56516
1.56379
1.55978
1.55618
1.55368
1.55005
1.54871
1.54512
1.54448
1.54327
1.5398
1.54086
1.53502
1.53501
1.53256
1.53269
1.52911
1.53206
1.52853
1.52864
1.52703
1.52331
1.52225
1.52173
1.52284
1.52038
1.52087
1.51654
1.51711
1.51455
1.51794
1.51299
1.51276
1.51273
1.51287
1.50949
1.51129
1.51109
1.50819
1.51017
1.50753
1.50784
1.50572
1.50777
1.50558
1.50654
1.50541
1.50372
1.50283
1.5032
1.50345
1.50047
1.5019
1.50052
1.50006
1.50013
1.49806
1.49908
1.49716
1.49587
1.49782
1.49644
1.49666
1.49609
1.49675
