3.89724
2.4321
2.33563
2.28798
2.25216
2.22478
2.20551
2.1936
2.18339
2.17349
2.16467
2.15961
2.15415
2.14638
2.14615
2.14015
2.1375
2.13495
2.12909
2.12532
2.12386
2.12065
2.11826
2.11663
2.1126
2.11117
2.10926
2.10761
2.10536
2.10467
2.10198
2.10081
2.0988
2.09881
2.09688
2.09668
2.0938
2.08974
2.0913
2.09078
2.091
2.08499
2.08755
2.08421
2.08456
2.08275
2.08286
2.08059
2.08042
2.07859
2.07808
2.07585
2.07548
2.07573
2.07575
2.07321
2.07568
2.0733
2.07134
2.07083
2.06973
2.07064
2.07034
2.06924
2.06903
2.06616
2.06458
2.06884
