5.90727
1.28423
1.21229
1.18455
1.16385
1.15016
1.13736
1.13166
1.12414
1.11823
1.11072
1.10584
1.1034
1.10057
1.09414
1.09323
1.09244
1.08928
1.08587
1.0838
1.08073
1.08002
1.07678
1.077
1.07574
1.07307
1.07468
1.06906
1.06951
1.06735
1.0682
1.06429
1.06851
1.06476
1.06532
1.06381
1.06032
1.05935
1.05956
1.06176
1.05862
1.06004
1.05551
1.0564
1.05371
1.05762
1.0531
1.05343
1.05268
1.05348
1.05069
1.05194
1.05222
1.04926
1.05167
1.04893
1.04934
1.04752
1.04957
1.0472
1.04847
1.04743
1.04616
1.04527
1.04571
1.04594
1.04274
1.04468
1.04304
