3.16671
1.8217
1.69423
1.65076
1.62436
1.60165
1.58571
1.57699
1.56517
1.55694
1.54771
1.54093
1.53548
1.53166
1.52455
1.52009
1.52025
1.51446
1.51267
1.51059
1.50841
1.50436
1.50146
1.50141
1.49818
1.49557
1.49437
1.49275
1.49237
1.48905
1.4888
1.48467
1.48406
1.48314
1.48383
1.48068
1.47651
1.47987
1.47602
1.47405
1.47679
1.47485
1.47217
1.47355
1.46933
1.46884
1.46828
1.46845
1.4659
1.4661
1.46547
1.46573
1.46153
1.46143
1.46143
1.46073
1.46012
1.46053
1.45944
1.46029
1.45722
1.45658
1.45534
1.45305
1.45605
1.45352
1.45338
1.45251
1.45233
1.45153
1.44984
1.45123
1.44958
1.44942
1.44929
1.4475
1.4488
1.44678
1.44711
1.44592
1.44656
1.44735
1.44491
1.4424
1.44437
1.44478
1.44201
1.44105
1.44069
