5.60912
1.28136
1.21225
1.18021
1.15984
1.14512
1.13786
1.12794
1.12266
1.11215
1.10742
1.10262
1.0985
1.10063
1.09683
1.09355
1.08954
1.08724
1.08417
1.08084
1.07984
1.07891
1.07625
1.07263
1.07376
1.0722
1.06985
1.0686
1.06828
1.06775
1.06637
1.06432
1.0649
1.06481
1.06177
1.06027
1.06133
1.05945
1.05793
1.05674
1.05707
1.0556
1.05594
1.05474
1.05342
1.05322
1.05277
1.05392
1.05152
1.05359
1.0501
1.04824
1.05087
1.04731
1.04727
1.04973
1.04698
1.04557
1.04508
1.04546
1.04508
1.04634
1.04516
1.04397
1.04189
1.04347
1.04231
1.04095
1.04353
1.03874
1.04008
1.03821
1.03991
1.03808
1.03869
