6.32428
1.77569
1.70251
1.67186
1.65055
1.63187
1.62203
1.61207
1.60355
1.59593
1.59039
1.58574
1.58016
1.57829
1.57272
1.56776
1.56536
1.5621
1.55995
1.55594
1.5529
1.55165
1.54937
1.54783
1.5464
1.54458
1.54353
1.53903
1.54037
1.53674
1.53746
1.53419
1.53448
1.53037
1.53037
1.52823
1.52687
1.52577
1.52566
1.5262
1.5246
1.52238
1.52257
1.52213
1.5218
1.52119
1.51735
1.51748
1.51654
1.51484
1.51571
1.51547
1.51429
1.51475
1.51228
1.5116
1.51164
1.50986
1.51039
1.50672
1.50925
1.50748
1.5076
1.50635
1.50453
1.50374
1.50454
1.50298
1.50422
1.50385
1.50235
1.49961
1.50013
1.50087
1.50255
1.50119
1.49993
