3.98953
2.46193
2.3514
2.29818
2.26441
2.23785
2.21809
2.20741
2.19367
2.18547
2.17667
2.16905
2.16299
2.15862
2.15284
2.14769
2.14772
2.14119
2.13864
2.13666
2.13458
2.12988
2.12788
2.12772
2.1236
2.1207
2.11967
2.11725
2.11608
2.11444
2.11253
2.11038
2.10736
2.10653
2.10798
2.10413
2.10029
2.10278
2.09929
2.09688
2.09834
2.09771
2.09463
2.0952
2.09195
2.09132
2.08955
2.09076
2.08761
2.08791
2.08762
2.08736
2.08396
2.08373
2.08323
2.08268
2.08293
2.08245
2.08006
2.08207
2.07894
2.07802
2.07675
2.07434
