3.0754
1.8094
1.68209
1.63859
1.61297
1.59324
1.57952
1.5702
1.561
1.55144
1.54268
1.53777
1.533
1.52434
1.52477
1.52044
1.51642
1.51451
1.50904
1.50581
1.5045
1.50075
1.4988
1.4991
1.49535
1.49367
1.49175
1.49094
1.48959
1.48727
1.48498
1.48381
1.48293
1.48079
1.47963
1.4778
1.47699
1.4714
1.47395
1.4732
1.47444
1.46744
1.47042
1.4666
1.46763
1.46626
1.46569
1.46385
1.46278
1.46137
1.4607
1.45883
1.45969
1.45902
1.45866
1.45526
1.45851
1.45559
1.4534
1.45307
1.45232
1.45274
1.45144
1.44963
1.45083
1.44716
1.44593
1.44963
1.44514
1.44429
1.44501
1.44588
1.44406
1.44395
1.44369
1.44215
1.44157
1.44098
1.44004
1.4425
1.43825
1.43848
1.43844
