3.96818
2.46722
2.33817
2.28808
2.25086
2.22584
2.20932
2.19452
2.18529
2.17564
2.16736
2.15912
2.15498
2.14823
2.14447
2.14052
2.13832
2.13139
2.12923
2.12501
2.12321
2.1204
2.1197
2.11583
2.11478
2.11243
2.11065
2.10937
2.10836
2.10776
2.10438
2.10303
2.09938
2.1014
2.09792
2.09996
2.09664
2.09643
2.09394
2.0934
2.09001
2.08997
2.08789
2.08976
2.0878
2.08817
2.08732
2.08392
2.08392
2.08401
2.08285
2.08369
2.08016
2.08301
2.0797
2.07729
2.08101
2.07705
2.07836
2.07573
2.07428
2.07566
2.07532
2.07246
2.07416
2.07365
2.07146
2.07202
2.07083
