5.503
1.28066
1.20833
1.1763
1.15705
1.14334
1.13587
1.12745
1.11934
1.11364
1.10601
1.10395
1.09853
1.09449
1.0918
1.09097
1.08695
1.08432
1.0814
1.07883
1.07736
1.07789
1.0749
1.07467
1.07129
1.0696
1.06973
1.06957
1.06571
1.06539
1.06279
1.06182
1.06131
1.0618
1.06107
1.05919
1.05963
1.05732
1.05747
1.0568
1.0541
1.05408
1.05286
1.0524
1.05261
1.05191
1.05083
1.05002
1.0473
1.04885
1.0476
1.04581
1.04793
1.04884
1.04717
1.0459
1.04568
1.04413
1.04603
1.04369
1.04342
1.04129
1.04222
1.04247
1.03959
1.04119
1.03944
1.04058
1.03895
1.03883
1.038
1.03701
1.03867
