3.89858
2.4562
2.33899
2.28865
2.25327
2.22961
2.21247
2.19978
2.18826
2.18222
2.17272
2.16428
2.15663
2.15234
2.14891
2.14481
2.14139
2.13726
2.13441
2.13036
2.12694
2.12599
2.12242
2.12053
2.11759
2.11523
2.11466
2.11271
2.10902
2.10656
2.10543
2.10206
2.10385
2.10361
2.09997
2.09871
2.09538
2.09652
2.09432
2.09413
2.09213
2.09142
2.09049
2.08851
2.09002
2.08768
2.08657
2.08451
2.08482
2.08265
2.084
2.08089
2.08337
2.07893
2.07889
2.07992
2.07567
2.07633
2.07645
2.07696
2.07577
2.07263
2.07338
2.07224
