6.29416
1.77564
1.70473
1.67127
1.64776
1.63133
1.62192
1.61173
1.60461
1.59298
1.5871
1.58148
1.57723
1.57681
1.57317
1.56911
1.5644
1.56144
1.55785
1.55392
1.55239
1.55136
1.54914
1.54495
1.5453
1.54314
1.54096
1.53959
1.53888
1.53749
1.53649
1.53418
1.53396
1.534
1.53073
1.52919
1.53016
1.52787
1.52679
1.52524
1.52488
1.52296
1.52355
1.52222
1.52096
1.52082
1.51991
1.52042
1.51849
1.51997
1.51656
1.51483
1.51716
1.51413
1.51318
1.51557
1.51294
1.51131
1.51027
1.51062
1.51048
1.51131
1.51001
1.5088
1.50704
1.5083
1.50713
1.50554
1.50775
1.50342
1.50447
1.5025
1.50384
1.50222
1.50251
1.50205
1.50167
1.50066
1.50172
1.50003
1.49812
1.49756
1.49867
1.50127
1.49737
1.49933
1.49772
1.49773
1.49633
1.49583
1.49755
1.49618
1.49628
1.4947
1.49482
1.49531
1.49299
1.49336
1.49295
1.49269
