3.9605
2.43731
2.32953
2.27975
2.2494
2.22574
2.2092
2.19506
2.18306
2.17454
2.16814
2.16222
2.15508
2.14829
2.14631
2.13924
2.1363
2.1348
2.13213
2.12769
2.1253
2.12318
2.11875
2.11729
2.11707
2.11392
2.11215
2.10951
2.10894
2.10605
2.10421
2.1036
2.10134
2.10066
2.09819
2.09762
2.09768
2.09614
2.09558
2.09512
2.09139
2.09103
2.0903
2.08819
2.08842
2.08699
2.08549
2.08504
2.08531
2.0848
2.08375
2.08127
2.08183
2.07999
2.0795
2.0789
2.07787
2.07599
2.07907
2.07504
2.07591
2.07385
2.07379
2.07239
2.07241
2.06813
2.07054
2.07147
2.06921
2.06966
2.06752
2.0697
2.06524
2.06807
2.06768
2.06524
