6.64121
1.78606
1.71804
1.68004
1.65947
1.64101
1.62925
1.61761
1.61098
1.60114
1.59576
1.59013
1.58763
1.57919
1.57696
1.57215
1.56908
1.56641
1.56495
1.56325
1.55973
1.5552
1.55165
1.55022
1.54883
1.54748
1.5453
1.54394
1.54187
1.54094
1.53773
1.539
1.53494
1.53539
1.53286
1.53211
1.52888
1.52965
1.52776
1.53098
1.52647
1.52784
1.5243
1.52399
1.52204
1.52053
1.52096
1.52089
1.51761
1.51875
1.51744
1.51595
1.51432
1.51386
1.51368
1.51418
1.51276
1.51294
1.51374
1.5124
1.51005
1.51103
1.50994
1.50914
1.50872
1.50875
1.50788
1.50898
1.50722
1.50689
