6.26531
1.77729
1.70685
1.67207
1.65025
1.63293
1.62289
1.61296
1.60283
1.59616
1.58751
1.58442
1.5783
1.5734
1.57039
1.56862
1.56401
1.56079
1.55725
1.55391
1.55219
1.55167
1.5492
1.54786
1.5445
1.54186
1.54184
1.54096
1.53672
1.53659
1.53373
1.5324
1.53157
1.53151
1.53114
1.52816
1.52836
1.52605
1.526
1.52499
1.52183
1.52175
1.52035
1.51933
1.51978
1.51842
1.51714
1.51592
1.51398
1.51466
1.5135
1.51155
1.51342
1.514
1.51252
1.51142
1.51091
1.50922
1.51085
1.5087
1.50785
1.50623
1.50614
1.50671
1.50358
1.50449
1.50345
1.5039
1.50232
1.50253
1.50152
1.50063
1.50212
1.50164
1.49899
1.4977
1.4994
1.49745
1.49876
1.49861
1.49762
1.49612
1.49693
1.49699
1.49549
1.49584
1.49416
1.49408
1.4956
1.49281
1.49257
1.49186
1.49177
1.49273
1.49286
1.49262
1.48896
1.49057
1.49186
1.49075
