5.69204
1.27453
1.20823
1.17335
1.15458
1.14358
1.13521
1.12504
1.11929
1.11311
1.10517
1.10377
1.1001
1.09781
1.09149
1.08995
1.08598
1.08506
1.08519
1.07962
1.07899
1.07566
1.07615
1.07326
1.07171
1.07076
1.07014
1.06762
1.06537
1.06551
1.06386
1.06454
1.06085
1.05906
1.05752
1.05599
1.0556
1.05491
1.05453
1.05392
1.05361
1.05008
1.04987
1.05028
1.04845
1.04708
1.04879
1.04629
1.04475
1.0449
1.04583
1.04446
1.04362
1.04244
1.04382
1.04394
1.04194
1.04205
1.0402
1.04323
1.03937
1.03937
1.0413
1.03878
1.03836
1.03808
1.03779
1.03865
1.03859
1.03609
1.03522
1.0359
1.03347
1.03557
1.03473
1.03596
1.03358
1.03342
1.03235
1.03302
1.03545
1.03289
1.03148
1.03137
1.0322
1.03136
1.03207
1.03003
1.02993
1.03081
1.02832
1.02957
1.02855
1.02775
1.02759
1.02736
1.02644
1.02869
1.02668
1.02694
