6.72195
1.77934
1.70512
1.6712
1.64834
1.63165
1.61766
1.60993
1.59838
1.59309
1.5878
1.58155
1.57587
1.57328
1.56643
1.56405
1.56107
1.55726
1.55984
1.55332
1.54985
1.54987
1.54723
1.54302
1.54004
1.54152
1.5396
1.53506
1.5339
1.53415
1.53029
1.5317
1.52767
1.52873
1.52836
1.52532
1.52428
1.52678
1.52185
1.52041
1.52169
1.51696
1.51909
1.51818
1.51647
1.51582
1.51466
1.5138
1.5118
1.51235
1.51121
1.51202
1.51002
1.51059
1.51061
1.50909
1.50926
1.5084
1.50527
1.50704
1.50518
1.50591
1.5025
1.50274
1.50098
1.50423
1.50227
1.5013
1.5014
1.5008
1.49991
1.50047
1.49675
1.49831
1.49838
1.49891
1.49828
1.49657
1.49747
1.49699
1.49539
1.49538
1.49317
