6.73501
1.76741
1.69524
1.65794
1.63282
1.61749
1.60538
1.59665
1.58641
1.58084
1.5733
1.57006
1.56767
1.56263
1.557
1.55475
1.55044
1.54902
1.54416
1.54552
1.54008
1.53903
1.53476
1.53358
1.53291
1.52959
1.52984
1.52795
1.52544
1.526
1.52348
1.52251
1.51989
1.51889
1.52013
1.51663
1.51423
1.51662
1.51509
1.51244
1.51357
1.51222
1.51242
1.51093
1.50993
1.50915
1.51145
1.50731
1.50664
1.5057
1.50587
1.50559
1.50357
1.50189
1.5024
1.50165
1.49997
1.50134
1.50135
1.4987
1.4991
1.49963
1.49714
1.4975
