5.76727
1.27936
1.21581
1.18095
1.15891
1.1466
1.13666
1.12887
1.11911
1.11466
1.10728
1.10485
1.10379
1.0991
1.09443
1.0917
1.08865
1.08729
1.08281
1.08472
1.07965
1.07816
1.07374
1.07339
1.07341
1.06958
1.07064
1.06809
1.06636
1.06767
1.06391
1.06384
1.06123
1.06016
1.06205
1.05761
1.05591
1.05857
1.05696
1.0542
1.05498
1.05404
1.05457
1.05294
1.05207
1.05117
1.05309
1.04961
1.04847
1.04815
1.04808
1.0472
1.04519
1.0436
1.04393
1.04357
1.04186
1.04306
1.04292
1.04003
1.04061
1.04041
1.03861
1.03862
1.03787
1.03849
1.03763
1.03688
1.03585
1.03522
1.03439
1.03442
1.03397
1.03314
1.03277
1.0316
1.03135
1.03031
1.03149
1.03098
1.02942
1.02925
1.02866
1.02865
1.02769
1.02835
1.02801
1.02664
1.02656
1.02609
1.02483
1.02471
1.02479
1.0245
1.02336
1.02355
1.02363
1.02346
1.02222
1.02131
