6.8783
1.79046
1.71554
1.68066
1.65507
1.63957
1.62866
1.61864
1.60823
1.602
1.59611
1.59065
1.58825
1.58038
1.57807
1.5737
1.56872
1.56676
1.56504
1.56177
1.55955
1.55618
1.55562
1.55346
1.55059
1.5488
1.54797
1.54533
1.54241
1.54167
1.5401
1.53907
1.53748
1.53758
1.5333
1.53266
1.5334
1.53224
1.52854
1.52805
1.53018
1.52591
1.52545
1.52384
1.52453
1.52316
1.52067
1.52126
1.51909
1.52176
1.51773
1.51816
1.51649
1.51592
1.51537
1.5138
1.51367
1.51199
1.51162
1.51064
1.50943
1.5089
1.50911
1.50785
1.50943
1.50833
1.50809
1.50537
1.50594
1.50651
1.50481
1.50498
1.5039
1.50453
1.50208
1.50226
1.50146
1.50228
1.50035
1.50198
1.49949
1.50065
1.49915
1.49806
1.49676
1.49773
1.49753
1.49546
1.49561
1.49429
1.49554
1.49597
1.49671
1.4921
1.4944
1.49314
1.49327
1.49208
1.49331
1.49146
