6.57159
6.47041
6.45433
6.44437
6.43748
6.43224
6.42822
6.42415
6.4201
6.4181
6.41453
6.4139
6.41211
6.4119
6.40829
6.40673
6.40416
6.40482
6.4036
6.40331
6.40321
6.40188
6.3993
6.39935
6.39825
6.39884
6.39843
6.39793
6.39732
6.39488
6.397
6.39667
6.39301
6.39403
6.39405
6.39396
6.39366
6.39379
6.3945
6.39079
6.3914
6.39057
6.38985
6.3922
6.39032
6.38801
6.38912
6.39039
6.38958
6.38693
6.38925
6.38726
6.39021
6.38938
6.3894
6.38773
6.38754
6.38595
6.38767
6.38676
6.38767
6.3851
6.38661
6.38521
6.38614
6.38548
6.38651
6.38649
6.38501
6.38479
6.38593
6.38521
6.38375
6.38207
6.38458
6.38401
6.38294
6.38485
6.38583
6.38373
6.38417
6.38436
6.38445
6.38249
6.38428
6.38237
6.38419
6.38313
6.38258
6.38429
6.38237
6.38136
6.38273
6.38338
6.3831
6.3817
6.38144
6.38126
6.38147
6.38162
