6.56331
6.41047
6.3984
6.38761
6.38368
6.37882
6.37231
6.36899
6.3659
6.36241
6.35972
6.35612
6.3556
6.35389
6.35085
6.34972
6.34896
6.34697
6.34545
6.34342
6.34364
6.33929
6.34151
6.34078
6.33954
6.338
6.3374
6.33584
6.33712
6.33558
6.3341
6.33435
6.33167
6.33246
6.33329
6.33004
6.33121
6.33128
6.32964
6.32948
6.32891
6.32849
6.32802
6.32761
6.32657
6.32803
6.3268
6.32541
6.32607
6.32621
6.32506
6.32664
6.32482
6.32529
6.3234
6.32441
6.32299
6.3225
6.32417
6.32359
6.32288
6.32275
6.32275
6.32148
6.32193
6.32178
6.32119
6.32034
6.32017
6.3212
6.32017
6.32004
6.32017
6.31899
6.31875
6.3181
6.31874
6.31759
6.31788
6.31773
6.31845
6.31767
6.3188
6.31738
