6.55893
6.46566
6.45182
6.44307
6.43508
6.43264
6.42746
6.42282
6.42002
6.41661
6.41499
6.41351
6.41188
6.40929
6.40856
6.40816
6.40625
6.40467
6.40433
6.40156
6.40351
6.40042
6.40095
6.39954
6.39781
6.39685
6.39608
6.39751
6.39592
6.39622
6.39582
6.39494
6.39458
6.39293
6.39399
6.39239
6.39086
6.39241
6.3909
6.39069
6.39047
6.39149
6.38905
6.38939
6.38987
6.38913
6.38913
6.38839
6.39017
6.38915
6.38757
6.38826
6.38754
6.38557
6.38644
6.38641
6.3869
6.38699
6.38839
6.38641
6.38626
6.3864
6.38516
6.38526
6.38405
6.38564
6.38417
6.38348
6.3838
