6.55893
6.46693
6.45164
6.44412
6.43696
6.43066
6.4269
6.42186
6.41992
6.41711
6.41664
6.41172
6.4109
6.40958
6.40913
6.40783
6.40615
6.40358
6.40259
6.40309
6.40211
6.39993
6.4002
6.39991
6.39777
6.39592
6.3981
6.3963
6.39654
6.39515
6.39467
6.39451
6.39517
6.3937
6.39437
6.39199
6.39315
6.39212
6.39055
6.39169
6.38917
6.39067
6.38926
6.39154
6.39026
6.38945
6.38701
6.38906
6.38812
6.38797
6.38837
6.38955
6.38802
6.38666
6.38662
6.38627
6.3867
6.38788
6.38541
6.38633
6.38715
6.38651
6.38358
6.38461
6.38592
6.38567
6.38478
6.38339
6.38525
6.38388
6.38528
6.38524
6.38509
6.38442
6.38181
6.38391
6.38318
6.38514
6.38341
6.3825
6.3824
6.38009
6.38111
6.38414
6.38162
6.3829
6.38259
6.38151
6.38215
6.38162
6.38254
6.38194
6.38181
6.38079
6.38045
6.38206
6.37963
