6.57198
6.41011
6.39748
6.38808
6.38026
6.37501
6.3707
6.36706
6.36486
6.36027
6.35889
6.35756
6.35429
6.35206
6.35059
6.34844
6.34941
6.34768
6.34446
6.34323
6.34247
6.34026
6.34026
6.33979
6.33903
6.33854
6.33852
6.33682
6.33546
6.33473
6.3351
6.33489
6.33401
6.3318
6.33118
6.33167
6.33092
6.33027
6.32899
6.33084
6.3281
6.3293
6.32882
6.32867
6.32791
6.32741
6.32425
6.32527
6.32557
6.32613
6.32482
6.32403
6.3251
6.32381
6.32374
6.32339
6.32221
6.32246
6.322
6.32212
6.32156
6.32197
6.32236
6.32132
6.3226
6.32078
6.32055
6.31922
6.32031
