6.56037
6.46673
6.45047
6.44211
6.43501
6.42992
6.42472
6.42067
6.41813
6.41467
6.41222
6.41131
6.40912
6.40656
6.40618
6.40467
6.40553
6.40209
6.40042
6.40126
6.39959
6.39861
6.39837
6.39601
6.39687
6.39685
6.39603
6.39473
6.39468
6.39441
6.39348
6.3939
6.39251
6.3943
6.39281
6.39232
6.39245
6.39004
6.3903
6.39152
6.38947
6.39041
6.38983
6.38865
6.39039
6.38888
6.38775
6.38916
6.389
6.38822
6.38872
6.38812
6.38561
6.38772
6.38668
6.38669
6.38764
6.38572
6.38497
6.38552
6.38511
6.38642
6.38613
6.38457
6.38346
6.38469
6.38569
6.38666
