2.36332
2.33311
2.32667
2.32278
2.32005
2.31893
2.31711
2.31428
2.31366
2.31224
2.31227
2.31152
2.31122
2.31078
2.30939
2.30951
2.30811
2.30782
2.30736
2.30587
2.30733
2.30552
2.30635
2.30497
2.30463
2.3039
2.30427
2.30448
2.30464
2.30393
2.30404
2.30272
2.30387
2.30253
2.30246
2.3016
2.3008
2.30199
2.301
2.3012
2.30135
2.30196
2.29962
2.30064
2.30019
2.30047
2.29989
2.29983
2.30117
2.30019
2.29923
2.29963
2.29961
2.29871
2.29925
2.29863
2.29915
2.29891
2.29996
2.29876
2.29822
2.29931
2.29796
2.2982
2.29731
2.29825
2.29788
2.29714
2.29675
2.2979
2.2974
