6.56029
6.46524
6.45146
6.4432
6.43604
6.42943
6.42656
6.42314
6.41905
6.41594
6.41473
6.41286
6.41066
6.40973
6.40856
6.40774
6.40568
6.40474
6.40362
6.40265
6.40112
6.40131
6.39942
6.39933
6.3974
6.39936
6.39862
6.39652
6.39481
6.39603
6.39626
6.3939
6.39524
6.39493
6.39344
6.39407
6.39279
6.39306
6.39193
6.39143
6.39142
6.39162
6.39165
6.38993
6.39028
6.38954
6.39058
6.38998
6.38841
6.38889
6.38873
6.38965
6.38775
6.38967
6.3877
6.3896
6.38841
6.38759
6.38683
6.38612
6.3872
6.38631
6.38588
6.3865
6.38632
6.38459
6.38746
6.38706
6.38463
6.38584
6.38491
6.38559
6.38445
6.3842
6.38645
6.38421
6.38417
6.3849
6.38516
6.38302
6.38402
6.38162
6.38504
