6.56029
6.4662
6.45117
6.44412
6.43533
6.43024
6.42587
6.42147
6.419
6.41758
6.41666
6.41347
6.41
6.40856
6.40941
6.40601
6.40587
6.40578
6.40237
6.403
6.40068
6.39953
6.39995
6.39849
6.39803
6.39867
6.3985
6.39507
6.39737
6.39524
6.39465
6.39533
6.39476
6.39495
6.39465
6.39351
6.39318
6.39298
6.39057
6.3907
6.38919
6.39161
6.39175
6.39089
6.39156
6.38969
6.38982
6.39081
6.38753
6.38883
6.38976
6.38835
6.38779
6.38766
6.38743
6.38631
6.38804
6.38711
6.38587
6.38758
6.38551
6.38493
6.38624
6.38563
6.38507
6.38608
6.3852
6.38603
6.38603
6.38475
6.38436
6.38478
6.38318
6.38326
6.38482
6.38283
6.3856
6.38507
6.38359
6.38369
6.38328
6.38265
6.38394
