2.33693
2.3077
2.30176
2.29842
2.29554
2.29402
2.29174
2.28965
2.28881
2.28746
2.2867
2.28589
2.284
2.28357
2.28257
2.28209
2.28126
2.28113
2.28011
2.27986
2.2796
2.2792
2.27901
2.27758
2.27806
2.2767
2.27705
2.27509
2.27637
2.2757
2.27522
2.27504
2.27483
2.27447
2.2732
2.27349
2.27309
2.27268
2.27282
2.27207
2.27174
2.27158
2.27247
2.27118
2.27133
2.27037
2.27095
2.27006
2.27005
2.27026
2.26957
2.26937
2.2688
2.2683
2.26943
2.26839
2.26807
2.26804
2.2681
2.26842
2.2675
2.26731
2.2676
2.26738
2.2669
2.26723
2.26756
2.26583
2.26662
2.26679
2.26599
