6.55706
6.46702
6.45309
6.4429
6.43768
6.43253
6.42807
6.42404
6.42145
6.41861
6.41498
6.41388
6.41254
6.41016
6.40892
6.40593
6.40504
6.40466
6.40146
6.40228
6.40169
6.40031
6.39895
6.3985
6.39647
6.39658
6.39597
6.39683
6.39552
6.39538
6.39361
6.39389
6.39389
6.39426
6.39118
6.39169
6.39025
6.39008
6.38934
6.39107
6.3904
6.39011
6.38909
6.38942
6.38925
6.39011
6.38981
6.38816
6.38651
6.38711
6.38669
6.38688
6.38722
6.38608
6.38609
6.38529
6.38729
6.3866
6.38668
6.38491
6.38629
6.38431
6.38537
6.38559
6.38555
6.38549
6.38446
6.38358
6.3838
6.38378
6.38472
6.38416
6.3842
