6.56037
6.46476
6.45238
6.44098
6.4356
6.42739
6.42474
6.42175
6.41793
6.41494
6.41198
6.4113
6.40752
6.40712
6.4068
6.40528
6.40371
6.40234
6.40089
6.40191
6.40029
6.39938
6.39757
6.39868
6.39792
6.39641
6.39592
6.39399
6.39581
6.39481
6.39502
6.39363
6.39134
6.39246
6.39053
6.39215
6.39093
6.39292
6.39083
6.39004
6.39188
6.38926
6.38898
6.3893
6.38831
6.38888
6.38699
6.38902
6.38796
6.38849
6.3866
6.38712
6.38677
6.3867
6.38515
6.38605
6.38535
6.38602
6.38553
6.38602
6.38603
6.38431
6.38402
6.38422
6.38475
6.38399
6.38376
6.38484
6.38324
6.38324
6.38319
6.38455
6.38281
6.38224
6.3832
6.38298
6.38359
6.38338
6.38192
6.38292
