6.56178
6.46688
6.45036
6.44087
6.43703
6.43144
6.42683
6.42348
6.41961
6.41763
6.41427
6.41405
6.41224
6.40947
6.40706
6.40767
6.40483
6.40389
6.40309
6.40129
6.40044
6.39987
6.40023
6.39941
6.39898
6.39741
6.39737
6.39626
6.39495
6.39521
6.39642
6.39431
6.39307
6.39331
6.39289
6.39345
6.39212
6.39187
6.39138
6.39195
6.39159
6.39138
6.39093
6.39076
6.38913
6.38875
6.39078
6.38808
6.389
6.38841
6.38857
6.38903
6.38692
6.38701
6.38773
6.38774
6.38717
6.38544
6.386
6.38629
6.38642
6.38547
6.38522
6.38615
6.38532
6.38579
6.38414
6.38632
6.38489
6.3847
6.38289
6.38291
6.38467
6.38348
6.38497
6.38389
6.38321
6.38268
6.38252
6.38314
6.38291
6.38411
6.38258
6.38189
6.38385
6.38322
