14.3916
2.37532
2.09228
2.02551
1.98386
1.95171
1.92961
1.9093
1.89331
1.88139
1.86952
1.86092
1.84946
1.8413
1.83606
1.82891
1.82358
1.81722
1.8117
1.80839
1.80459
1.79905
1.79628
1.79253
1.78916
1.7865
1.78318
1.77934
1.77704
1.77341
1.77084
1.7667
1.76571
1.76191
1.76029
1.7578
1.75677
1.75396
1.75195
1.74971
1.74886
1.74657
1.74515
1.74284
1.74128
1.73897
1.73897
1.73759
1.73424
1.73213
1.72969
1.72949
1.72754
1.72587
1.725
1.7245
1.72298
1.72109
1.72063
1.71941
1.71675
1.71638
1.7153
1.71413
