14.5479
2.52317
2.09399
2.02887
1.98667
1.95495
1.93005
1.91084
1.89426
1.88313
1.86927
1.85906
1.84947
1.84201
1.83325
1.82546
1.82078
1.81336
1.80779
1.80485
1.79971
1.79492
1.78956
1.78685
1.78311
1.7785
1.77395
1.77295
1.76931
1.76703
1.76407
1.76019
1.75931
1.75542
1.75422
1.75157
1.74927
1.74725
1.74584
1.74185
1.74043
1.73908
1.73699
1.73535
1.73312
1.73187
1.7312
1.72807
1.7273
1.72528
1.72403
1.72196
1.72082
1.71837
1.718
1.71746
1.71514
1.71469
1.71227
1.71206
1.71095
1.70848
1.7069
1.70763
1.70461
1.70445
1.70275
1.70212
1.70065
1.6992
1.69794
1.69775
1.69548
1.69666
1.69448
1.69326
1.6931
1.69125
1.69012
1.68861
1.68937
