14.2572
2.35285
2.0775
2.01428
1.97276
1.94304
1.91949
1.90257
1.88626
1.87173
1.86057
1.852
1.84223
1.83581
1.82707
1.81932
1.81439
1.80705
1.80341
1.7992
1.79391
1.79198
1.78524
1.78243
1.77978
1.77514
1.7723
1.76885
1.76594
1.76373
1.76068
1.75818
1.75504
1.75385
1.75106
1.74769
1.74644
1.74458
1.74155
1.74044
1.73868
1.73582
1.73454
1.73241
1.73055
1.72823
1.72673
1.72543
1.7242
1.72204
1.72117
1.71847
1.71882
1.71804
1.71483
1.71393
1.71272
1.71181
1.70869
1.70861
1.70642
1.70524
1.70557
1.70318
1.70291
1.70186
1.70131
