13.359
1.90567
1.52454
1.45441
1.41425
1.38864
1.37058
1.35218
1.3378
1.32952
1.31843
1.31017
1.30329
1.29489
1.28963
1.28431
1.27856
1.27364
1.26855
1.26754
1.26189
1.25974
1.25422
1.25275
1.2492
1.24579
1.24409
1.24273
1.23898
1.23543
1.23515
1.23373
1.23025
1.22949
1.22636
1.22633
1.225
1.2212
1.22105
1.21873
1.21694
1.21616
1.21386
1.21195
1.2117
1.20991
1.21038
1.20961
1.20696
1.20658
1.2052
1.2033
1.20196
1.20236
1.20106
1.20051
1.19901
1.1972
1.19636
1.19758
1.1944
1.19319
1.19423
1.19101
1.19114
1.19043
1.18943
1.1895
1.18793
1.18756
1.18741
1.18596
1.1856
1.18498
1.18451
1.18256
