4.85838
2.48529
2.39799
2.3451
2.31144
2.28691
2.2667
2.25019
2.23467
2.22516
2.21469
2.20423
2.1954
2.18818
2.18184
2.17648
2.17037
2.16502
2.15977
2.15452
2.14966
2.14636
2.14221
2.13542
2.13411
2.12809
2.12558
2.12221
2.11905
2.11471
2.11438
2.1086
2.10646
2.10321
2.10158
2.09714
2.09421
2.09417
2.08924
2.08646
2.08379
2.07999
2.07884
2.07617
2.07332
2.07267
2.07052
2.06555
2.06459
2.06376
2.06031
2.0578
2.05488
2.05397
2.05188
2.0498
2.04816
2.04597
2.04388
2.04232
2.04141
2.03698
2.03728
2.03643
2.03313
2.02953
2.03025
2.02712
2.02502
2.0232
2.02227
2.02063
2.02001
2.01819
2.01737
2.01507
2.01192
2.0118
2.00965
