13.7265
2.26539
2.06974
2.00617
1.96614
1.93585
1.91576
1.8968
1.88242
1.86912
1.85755
1.8476
1.83944
1.83216
1.82486
1.81835
1.81246
1.80829
1.80263
1.79851
1.79213
1.78991
1.78256
1.78268
1.77742
1.77341
1.77152
1.76803
1.76435
1.76256
1.76013
1.75592
1.75458
1.75331
1.75014
1.7472
1.74554
1.74268
1.74213
1.73916
1.73749
1.73446
1.73318
1.73181
1.72962
1.72764
1.7249
1.72571
1.72341
1.7218
1.72014
1.71843
1.71741
1.71632
1.71447
1.71314
1.71184
1.71012
1.70882
1.70764
1.70678
1.7044
1.70495
1.70271
1.70138
1.70013
1.69956
1.69837
1.69774
1.69628
