13.7775
2.31648
2.07833
2.01223
1.96577
1.93847
1.91094
1.89519
1.87791
1.86509
1.85539
1.84372
1.83637
1.82904
1.82098
1.81542
1.80708
1.80262
1.79715
1.7911
1.78732
1.78414
1.7797
1.77515
1.77315
1.76832
1.76529
1.76325
1.76045
1.75696
1.75415
1.7524
1.74906
1.74675
1.74303
1.74203
1.7401
1.73817
1.7369
1.73325
1.73243
1.72929
1.72892
1.72781
1.72529
1.72364
1.72371
1.72054
1.7194
1.71761
1.71642
1.71362
1.7121
1.71118
1.7096
1.70907
1.70773
1.70556
1.70501
1.70335
1.7013
1.70093
1.69945
1.69897
1.69737
1.6966
1.6951
1.69516
1.69283
1.69383
1.69211
