2.38455
2.35102
2.34465
2.34084
2.33811
2.33611
2.33476
2.33234
2.33283
2.32937
2.32999
2.3289
2.32781
2.32714
2.3267
2.32448
2.32512
2.3249
2.32456
2.32351
2.3225
2.32188
2.32142
2.32142
2.32079
2.31999
2.32029
2.31938
2.31911
2.31902
2.31805
2.31846
2.31686
2.31706
2.31739
2.31717
2.31627
2.3157
2.31522
2.31585
2.31535
2.31508
2.31447
2.31467
2.31378
2.31406
2.31292
2.31233
2.31325
2.31251
2.31158
2.3119
2.31142
2.31067
2.31049
2.31014
2.31215
2.31042
2.3103
2.30961
2.30978
2.30935
2.30921
2.30858
2.30752
2.30824
2.3081
2.30715
2.30794
2.30675
2.30729
2.30739
2.30662
2.30596
2.30653
