6.67776
6.56841
6.55419
6.54765
6.53876
6.53513
6.53187
6.52732
6.52338
6.52208
6.51959
6.51906
6.51746
6.51514
6.513
6.51333
6.51203
6.51107
6.50893
6.50886
6.50715
6.50386
6.50495
6.50469
6.50244
6.50377
6.50216
6.50168
6.49895
6.49811
6.49643
6.50015
6.49733
6.49719
6.49615
6.49569
6.49568
6.49442
6.49226
6.49189
6.4937
6.49017
6.49224
6.49164
6.48905
6.49034
6.48804
6.48964
6.48782
6.48546
6.48806
6.48584
6.48515
6.48355
6.4853
6.48451
6.48288
6.48278
6.48246
6.48232
6.48085
6.48009
6.4799
6.47919
