6.66954
6.56861
6.55278
6.54559
6.53903
6.53309
6.53029
6.52735
6.52232
6.52141
6.51876
6.5186
6.51448
6.51434
6.51432
6.51204
6.51047
6.50866
6.50812
6.50786
6.50598
6.50342
6.50394
6.50198
6.50328
6.50081
6.50109
6.50064
6.49891
6.49852
6.49683
6.49657
6.4949
6.49615
6.49369
6.49251
6.49326
6.49133
6.49275
6.49071
6.48995
6.48984
6.48919
6.48812
6.48684
6.48566
6.48715
6.48507
6.48463
6.48443
6.4843
6.48492
6.48272
6.48219
6.48321
6.48254
6.48165
6.48039
6.47928
6.48027
6.4762
6.47767
6.47643
6.47613
6.47476
